361
361
362
362
17
379
18
18
380
1
2
72
71
428
216
1077
1330
616
180
46
1558
812
2895
1409
2984
1113
620
1094
3007
752
177
1549
177
172
3130
275
447
165
612
79
630
1293
376
560
777
2938
1887
945
945
1136
165
1697
112
32
32
36
36
272
556
797
632
292
797
8
1
136
138
138
151
72
499
498
661
574
256
222
65
795
635
252
1472
2301
1719
1001
2720
2142
897
7559
2208
1312
1
232
232
3597
102
104
467
830
16
951
2600
587
2
105
184
310
393
104
1
396
729
4
336
3100
1412
29
397
277
1800
791
122
1748
1082
355
201
11116
39
350
2754
2296
2145
607
2211
2561
1
45
47
1724
1102
4533
2
597
433
351
1419
972
3
224
703
191
136
649
1024
375
1870
3039
143
37
37
1272
68
105
68
239
239
239
607
480
121
923
682
945
1186
263
108
420
529
793
1716
1
2
1
1
1
1
230
456
686
1190
156
422
2163
2113
84
2961
3647
764
34
1913
22
572
654
862
152
2349
165
421
1027
1
1
167
2
692
693
693
788
13670
1189
1189
2047
202
202
1068
665
1042
1070
3155
1217
1374
1
347
412
1118
1886
1886
517
2596
1683
2
1685
1685
1685
233
1613
160
286
166
1526
1688
6664
5
1460
431
658
556
1325
1040
488
1783
1359
670
3
1433
300
805
1487
2785
1237
2058
633
1
591
140
17
2556
1322
1
1632
2
1899
2105
1332
2191
909
159
3327
1
19
338
9929
897
400
1
487
486
57
175
2640
1525
1770
2257
13
372
100
113
342
32
3690
4114
1
961
961
16
16
16
71
649
761
761
188
967
233
57
1027
148
181
121
1
370
121
115
236
3567
466
615
607
371
607
299
1
907
205
1860
2194
706
315
821
440
2506
222
2564
657
977
58
195
195
195
195
75
92
167
1889
859
579
1482
260
1612
434
1770
378
4
1666
221
1496
1020
1100
1880
1885
996
908
4247
425
273
588
212
323
111
60
60
1035
652
992
568
741
403
266
264
442
3
803
2848
38
849
125
1285
405
944
814
3830
135
128
235
710
746
127
359
2096
879
204
99
42
953
881
931
251
480
1428
155
3218
681
682
682
1
1088
41
41
93
75
820
1327
1772
1547
924
2658
1637
3437
1117
782
779
566
4
30
907
1343
399
241
12520
1142
1388
106
113
3
3
2207
1015
3511
477
3988
477
22
22
23
2152
956
319
1853
1403
688
688
3
692
3
388
142
354
184
538
5153
233
925
2576
14
247
393
468
1437
1156
1156
1156
650
863
229
229
1018
182
189
736
903
167
778
876
947
362
362
1283
1288
1282
224
1446
2085
441
514
354
711
403
613
1025
2
1896
1197
1214
2547
1700
3298
2371
467
300
82
346
139
2922
864
1525
1497
1254
108
19
2617
1282
9101
162
3594
234
339
2875
339
1494
382
43
169
1154
266
1463
1716
253
1803
349
484
2292
488
1
157
2188
190
352
342
1217
133
341
484
441
1552
900
1550
18
2226
230
356
107
5
215
222
234
232
117
2206
227
2586
17
1532
614
772
789
818
89
89
33
33
271
393
1
11
2200
774
1674
10
190
796
216
415
1
1
786
1280
1147
1148
2257
1189
593
1781
1279
334
976
383
1017
114
575
624
523
1654
62
637
924
154
92
92
137
138
1
309
291
429
291
950
429
519
519
333
333
42
42
1404
713
1951
773
3013
112
1598
112
594
1451
857
4560
3733
2
2
1090
51
147
1332
2783
287
331
736
1415
114
3926
232
712
1909
123
2319
874
876
1316
1316
104
2654
394
394
4313
352
240
592
918
391
391
249
250
1233
1252
142
783
191
4329
189
417
275
532
391
305
141
844
2211
1552
1693
1998
1571
29
2001
426
1369
959
1356
1345
478
746
208
2377
1202
456
2587
191
311
1601
449
450
139
450
176
299
372
300
300
222
332
357
1688
468
501
999
496
1026
29
29
139
139
2335
262
792
921
129
3
1064
2
2907
116
54
497
324
673
673
1
1432
1716
2159
1875
43
64
4695
826
847
620
631
262
653
402
37
37
190
5859
722
6362
3416
1024
192
1642
1110
50
22
1751
1
226
189
95
204
204
63
341
697
1260
626
4
630
487
509
1076
1076
18
19
68
98
2143
120
13596
405
291
172
172
2497
34
50
56
61
136
42
81
2
300
300
27
4
1082
170
668
1377
909
19
19
734
455
455
1714
1243
1383
128
366
781
160
538
912
912
393
147
570
1706
696
1467
875
142
687
592
1467
1614
21
240
4
1094
52
472
1064
234
356
222
230
702
817
685
1541
868
865
278
5
180
70
948
985
146
1024
1593
27
736
2863
986
250
3
2083
176
179
234
507
2016
1
743
762
1810
626
1390
3112
678
1360
1360
257
819
687
430
5191
837
362
5243
609
1949
2464
978
978
837
975
975
2924
60
1036
20
80
31
6574
219
299
238
2282
1500
1634
1500
2
48
262
1779
797
1105
797
2418
307
3489
663
35
467
789
505
191
8
310
679
623
353
1288
380
5
190
184
3589
764
1823
111
170
201
31
1898
8
909
1173
1181
623
1207
626
19
1
1827
335
123
481
481
109
66
669
232
2718
1
1
234
446
4294
1864
1826
20
211
1960
939
513
1781
3995
388
1445
346
211
4
561
4655
283
2770
582
685
1246
86
488
2
182
266
480
1104
224
14
2010
1924
1529
4880
156
298
319
2
465
1373
923
1217
277
4963
1755
2041
247
157
1787
281
1169
1
775
4817
142
405
118
802
168
454
237
149
864
1293
1358
1334
446
1060
320
343
343
2158
146
146
201
95
442
7374
314
814
67
85
593
693
945
945
988
1139
23
799
10
2952
1870
1027
2983
2983
6362
1091
1324
818
339
1935
19
1073
188
176
176
3227
1638
1
1
2
258
428
178
799
160
4439
1692
2119
2195
76
893
1694
969
894
1
161
184
344
437
448
1831
4456
233
222
1403
1485
1544
298
1528
211
1914
1
107
1481
109
201
548
96
133
167
348
347
294
1175
1374
4606
1462
349
396
47
396
420
1913
2627
959
898
248
1207
1207
35
35
806
194
2
232
1439
409
11
12
384
384
1068
1
716
1308
1787
707
756
97
281
361
283
3
73
219
1972
312
428
144
612
449
2
346
1148
2404
1148
93
93
93
527
322
415
340
140
568
591
913
345
215
560
2
304
87
760
1064
1655
210
402
192
1251
1162
86
32
2
120
432
931
116
7644
1817
760
372
585
477
2279
317
715
461
51
116
148
149
1
958
411
4280
1948
705
1262
4524
61
45
896
45
1020
19
19
836
156
175
82
219
44
229
100
2
73
55
228
171
755
864
968
1416
1222
1094
1122
2102
235
1477
366
2860
772
2
444
570
985
1460
103
2
36
243
113
969
260
41
1714
1706
1773
49
1105
1105
267
2086
177
750
750
181
492
788
786
1429
460
3
6039
122
2304
748
499
2091
167
1887
932
348
543
6385
3918
489
1118
5199
631
3009
64
133
1253
105
835
1075
940
940
1075
549
624
624
293
218
843
843
7655
774
1203
1834
2053
68
68
724
24
1398
26
10
1937
11
11
421
2186
1026
1035
605
4
12
47
126
1161
70
352
843
288
2391
1127
1479
1733
678
1773
705
215
317
1
1
166
166
49
384
220
1
136
429
1350
371
530
1269
709
3814
1342
1112
662
662
3013
27
27
27
4001
562
3352
714
364
1909
1501
214
2112
1900
4162
1739
1215
4041
1215
2132
588
618
30
618
618
147
697
762
65
762
1405
201
878
375
942
942
679
942
377
11
2
1416
1477
1995
516
3125
668
3203
5209
77
77
5286
115
192
8631
545
3825
359
8
1365
1365
715
225
349
1741
2286
232
473
473
2376
655
33
1822
1969
4
124
185
179
32
1378
91
385
181
1471
752
1406
846
1574
148
204
482
1328
2789
122
122
9
9
2
11
60
1166
1820
488
400
555
1807
556
507
54
801
2074
1
15
2342
3406
654
654
85
10
983
364
451
4313
158
271
1725
1201
300
1639
300
124
208
2321
682
469
1181
861
1543
45
2315
687
1092
231
71
86
1059
390
463
1127
1900
2177
1773
1739
27
843
123
551
2824
548
62
1025
644
392
195
2668
1569
852
1
2
89
90
1782
60
1544
230
223
1887
1294
3046
1264
366
3
369
585
125
125
1758
993
560
195
233
244
292
292
909
1260
1548
602
2117
1457
2102
3691
1961
890
2369
555
231
116
206
364
4428
818
791
350
1162
329
679
761
806
806
1234
184
297
116
3
1420
1078
411
4132
2464
1781
292
203
680
924
3006
925
79
80
492
657
165
143
3481
2267
1489
753
557
557
2093
709
868
868
571
2606
2760
902
902
2785
452
697
245
4
19
292
2210
17
3077
1
222
592
411
593
1241
1241
1336
387
387
240
207
447
19
758
2687
237
256
9
372
126
550
1432
4529
1981
414
376
140
484
2332
346
186
186
1
1
254
99
69
168
2509
844
325
1272
93
2255
54
1468
380
631
82
1882
253
485
126
396
324
1134
609
541
189
206
234
115
546
1308
534
83
82
529
521
111
160
271
271
57
366
11499
684
109
288
1169
3227
444
1613
444
511
986
197
919
2437
473
2411
833
1611
267
430
692
36
1012
320
844
2036
2036
431
1
2788
2788
4
3371
58
717
3094
849
172
1
850
212
391
309
655
202
531
66
1159
124
97
442
410
1022
2011
1413
3876
1488
1406
3127
6388
884
512
290
213
6121
816
382
1397
1616
191
454
841
459
424
1075
239
234
78
554
554
3601
326
793
796
3
1584
1350
1350
365
1054
742
1107
273
326
4
4
277
1512
128
60
1572
168
382
292
389
1037
1037
467
691
691
1601
1
1
31
723
150
16
632
632
4226
145
808
228
861
296
235
30
58
437
196
775
9
936
491
695
10
224
1228
755
952
1920
2
860
780
630
725
651
575
1751
1305
332
1942
1771
240
1728
1
1886
158
114
4393
152
172
349
127
93
1359
171
181
172
375
32
1459
910
2062
1500
5725
138
1138
3686
12491
1276
24
3505
727
10
1444
731
1468
91
91
1651
954
581
581
3927
113
688
1213
1110
6
2619
2047
2870
38
360
405
2565
367
26
385
778
5
5
2257
1160
1429
1013
1342
122
1506
526
537
1243
1014
682
775
495
1747
85
166
313
3982
115
1033
40
1333
1333
673
141
2395
235
536
4079
1458
108
2032
23
1
4
7
179
335
343
451
794
794
7603
1017
1811
1974
4
94
98
1703
940
1590
78
149
1879
4036
2
48
2
1787
26
207
26
192
472
1196
1362
1362
890
618
620
620
2008
620
2
17
1751
1948
1947
213
2227
879
880
1023
745
221
7677
520
519
416
311
278
629
33
626
902
652
494
1394
472
472
1460
344
5101
1033
1344
108
300
5
1580
125
53
312
259
1770
1770
1
405
405
404
535
535
941
128
1054
146
2154
782
118
163
834
350
4477
451
265
434
265
736
736
1428
1486
750
1029
319
76
105
221
717
26
2847
555
3938
753
1309
154
153
1
35
1465
878
1010
3126
222
3073
976
1608
2761
7
617
292
1
1101
326
33
319
109
1
193
908
1100
339
2603
1492
402
1300
2786
17
99
1297
265
1037
901
501
1497
12
18
395
1
4880
1
298
297
817
231
737
857
1363
1
283
682
398
282
3108
7764
3406
550
955
124
124
124
124
659
659
659
659
90
787
801
5865
1319
2964
95
504
1715
161
308
947
571
1996
2617
2721
2303
131
4416
1930
7210
262
1043
199
1
1457
158
1267
447
1209
200
1185
10181
1185
4
460
464
3435
2
492
26
1994
220
15
383
578
841
753
841
7
444
27
43
1293
1464
478
459
6744
2607
276
1520
2984
107
44
330
330
3298
1222
398
1638
163
3
664
664
1472
800
1073
225
769
1
44
74
844
925
12
101
128
100
207
344
264
671
241
269
818
421
968
1709
1581
1430
614
780
166
1339
35
104
72
1974
305
680
313
1474
1
1368
100
677
100
15
2425
436
1709
472
388
165
502
7
1112
677
4
1
4
303
349
735
560
4314
507
60
190
250
250
319
892
1314
1795
351
2547
565
1913
34
368
1
1116
213
987
1054
77
1794
711
100
925
1913
748
748
1703
1
3
1318
992
149
810
810
857
276
2542
1770
2511
9664
57
2447
648
2
852
516
981
493
172
1141
2208
1
4040
1446
5
236
7
131
142
142
152
370
316
1
802
851
48
409
1
1120
334
1317
537
2906
684
488
1087
366
463
559
1276
959
1238
375
565
169
151
2947
2
768
2208
313
1311
5309
403
718
1688
470
873
501
928
595
691
792
910
46
1611
450
578
2061
465
10
2099
61
421
559
5365
769
695
3
1193
1264
1264
1
7
7
1046
1174
1257
416
1812
440
89
721
2072
178
1032
1288
1671
1494
461
50
2453
42
3
1428
1155
1931
1954
1053
1
2173
1223
658
466
47
133
61
61
186
186
733
140
128
1
96
236
1193
2883
8790
2012
1121
2389
303
303
370
2
1
2
400
214
4451
1166
1166
1
1168
1167
1
553
260
791
927
927
1586
1773
997
502
164
1297
1
129
2217
346
1556
266
266
49
394
1
231
230
621
1220
1105
1883
1652
157
432
157
805
849
694
852
3
2737
50
6
71
70
70
83
3541
1
556
600
6
677
523
124
1
326
325
168
169
23
1469
2076
91
1266
1290
1055
1777
1890
3674
132
236
2440
217
